lx=120
ly=120
lz=120
saveInterval = 20000
timesteps = 1600000
dens1=1
dens2=1
dens3=1
dens4=1
radius=32
datadir="data6"
surfacetension=0.005
tau1 = 1.0
tau2 = 1.0
tau3 = 1.0
tau4 = 1.0
ncomp=4
prop1=0.1666667
prop2=0.1666667
prop3=0.1666667
prop4=0.1666667
prop5=0.1666666
prop6=0.1666666
prop7=0.1666666
prop8=0.1666666
prop9=0
prop10=0
prop11=0
prop12=0