lx=169
ly=129
lz=1
saveInterval=25000
timesteps=50000000
dens1=1
dens2=1
dens3=1
dens4=1
radius=32
datadir="data"
s01 = 0.005 #0.001
s02 = 0.004 #0.0008
s03 = 0.007 #0.0014
s12 = 0.0055 #0.0011
s13 = 0.0045 #0.0009
s23 = 0.005 #0.001
tau1 = 1.0
tau2 = 1.0
tau3 = 1.0
tau4 = 1.0
Lambda1 = 0.220135135135134 #0.044027027027028 #0.0220135135135134
Lambda2 = 0.226894736842104 #0.045378947368422 #0.0226894736842104
Lambda3 = 0.227149253731344 #0.04542985074627 #0.0227149253731344
Lambda4 = 0.220350553505535 #0.044070110701107 #0.0220350553505535